 33.77142857  33.94285714
  1.54621583  15.20449076
  2.78603222  19.22366149
 12.85954044  15.62026704
 12.70456340  15.01970130
 10.16293978   7.58192557
  7.00140797   8.64446496
  8.11724273  11.83208313
  9.41904994  11.41630685
 10.06995355  13.49518826
  5.73059617  14.78871448
  5.54462371  14.14195137
 -1.00000000  -1.00000000
  4.98670633  25.40515763
 15.06021455  21.84796054
 17.97378308  30.16348620
 15.86609521  30.90264404
 15.27718242  28.86995999
 14.47130176  29.10094681
 13.51044405  25.86713128
  6.66045846  28.82376262
 -1.00000000  -1.00000000
 21.22830112  19.81713897
 24.79277326  29.70337502
 27.83032343  28.36365145
 25.56765851  22.40419139
 30.40294245  20.74108626
 28.97715360  16.90670499
 -1.00000000  -1.00000000
 14.73398960   0.64626759
 19.42529487  13.36351058
 31.98143544   9.10524822
 30.60163977   5.07716220
 21.86293388   7.83927833
 19.37930168   0.30100307
 16.71169673   0.18591490
 -1.00000000  -1.00000000



